1754965
1755145
1755172
1755187
1759945
1759957
1763131
1766173
1766182
1766185
1766191
1766194
1766203
1766215
1766218
1766221
1766224
1766230
1766239
1766245
1766248
1766251
1766254
1766260
1766263
1766266
1766275
1766278
1766281
1766284
1766287
1766290
1766293
1766296
1766299
1766302
1766308
1766320
1766323
1766329
1766335
1766338
1766353
1766365
1766368
1766371
1766383
1766386
1766389
1766392
1766395
1766410
1766413
1766416
1766419
1766422
1766425
1882135
1883218
1885498
1890304
1893982
1898365
1908103
1930003
1935349
1940548
1945321
1961659
1964020
1966522
1966537
2004613
2008792
2032672
2033029
2035618
2038579
2039761
2050675
2063896
2066956
2081425
2081644
2088220
2121088
2122627
2189653
2212186
2234608
2245474
2246911
2269708
2273530
2283967
2291101
2291119
2291158
2291170
2291284
2291341
2291356
2291359
2291377
2291392
2291395
2298418
2298445
2320279
2322343
2351326
2373535
2373880
2385730
2423584
2445736
2466181
2483536
2497174
2507647
2517838
2519845
2519914
2535946
2540446
2548279
2563543
2564407
2576383
2583829
2622220
2625664
2636335
2642533
2643016
2646076
2648170
2662750
2689171
2691406
2698591
2710702
2730487
2736532
2742850
2754184
2781466
2782357
2795128
2801551
2889268
2891599
2892199
2906791
2921362
2923162
2931688
2947111
2955853
2959291
2995174
2996014
3018601
3019546
3053587
3053812
3115684
3116701
3158110
3262198
3275692
3331312
3368548
3432511
3434881
3439942
3445984
3455806
3477358
3481819
3489946
3490729
3528943
3532363
3532411
3537325
3539521
3539998
3568384
3576505
3578200
3579448
3580657
3636577
3638407
3638605
3644947
3652570
3654574
3661087
3671260
3671485
3677548
3691204
3694579
3696403
3700399
3705940
3883900
3885442
3886786
3887470
3907174
3924823
3997006
4019392
4042963
4043158
4043215
4044895
4045375
4045510
4048747
4057675
4061308
4063945
4069729
4074196
4075489
4080244
4092949
4102675
4103788
4107345
4108417
4109284
4116683
4118197
4125608
4130168
4130750
4132432
4135749
4135753
4169273
4185546
4206983
4209496
4209871
4222666
4278340
4280075
4280288
4287471
4292043
4502673
4508640
4511216
4512699
4524393
4533807
4534661
4544925
4547710
4565233
4617948
4658952
4662300
4669932
4675379
4688721
4712940
4715816
4717983
4740075
5128254
5132695
5140365
5167389
5205234
5216611
5238824
5245733
5269969
5280778
5305844
5349698
5352242
5371566
5417268
5475318
5479493
5496024
5496308
5498277
5502458
5506385
5530340
5532312
5544753
5585488
5593332
5605229
5605850
5610302
5647600
5878100
5989037
5999732
5999824
6018251
6020688
6042544
6044810
6057230
6060452
6117246
6137413
6138163
6141216
6218102
6256071
6298803
6311884
6415849
6444456
6499598
6558250
6564918
6597612
6663513
6847592
6852899
7938525
7955305
8015033
8017180
8021378
8070996
8075307
8249544
8371367
8904721
8914004
8941919
8948842
8987225
8992284
9023931
9632806
9807846
9974754
9978314
10325186
10657269
11195976
11196273
11196849
11230839
11233675
11234916
11235073
11235496
11235938
11236300
11237999
11238477
11238619
11239549
11241316
11243308
11245028
11245310
11245378
11247327
11247993
11249411
11249759
11249784
11250080
11250245
11251315
11251614
11258197
11261278
11263423
11264209
11267884
11269146
11281229
11282138
11284857
11285749
11288614
11289275
11289361
11290235
11290649
11290917
11293312
11295118
11297882
11299855
11300436
13747947
13752160
13783020
13783524
13896118
13923389
14750474
14897313
15078594
15080043
15080942
15100550
15114975
15128035
15187558
15873220
15879725
15916187
15949129
15954394
16002979
16006113
16009626
16572490
16577270
16738848
16812346
16823448
16832170
16832838
16981624
16990884
16997823
17062595
17144124
17187582
17189375
17198254
17349553
17710878
17752996
17858289
17891788
17894982
18018840
18106741
18285401
18318770
18323060
18349310
18350171
18390835
18399695
18545609
18601334
18669342
18708323
19090843
19186835
19282696
19282719
19282739
19350357
19495469
19615972
19621423
19825181
20245825
20644884
20714711
20874767
20897401
20912003
21005072
21010019
21051720
21097721
21097815
21194111
21226376
21252700
21255981
21262391
21290627
21354619
21583420
21606642
21643140
21659342
21677833
21714281
21720270
21722815
21750346
21754788
21755096
21860197
21944505
21951549
22250445
22265781
22266603
22267277
22267535
22269448
22270476
22271615
22301653
22302422
22339950
22348689
22364152
22409702
22423842
22427518
22446696
22454820
22454882
22465666
22482702
22511939
22574924
22660085
22676674
22680617
22706415
22718558
22816409
22817815
22821444
22884319
22907846
22947234
23073703
23195053
23211111
23212452
23212755
23292415
23301148
23313488
23367382
23406064
23419738
23480614
23480711
23485552
23495196
23495746
23503125
23537939
23559995
23586348
23596646
23598594
23617665
23618227
23624973
23634272
23659310
23675378
23680494
23713297
23717245
23718507
23882174
23958763
23968092
23984111
24006798
24016270
24033972
24047781
24058977
24059011
24068422
24068672
24072077
24087192
24111053
24266459
24302610
24339093
24465188
24507598
24530649
24593572
24621232
24660206
24674831
24760690
24768056
24826249
24838014
24879064
24898514
24902995
24913207
24939915
24953298
25041866
25178166
26440708
26915741
26965921
27034746
27149801
27241474
27241481
27288784
27318313
27329440
27386256
27477874
27526543
27530052
27537432
27614659
28607027
28637151
28637262
32327128
32385510
32450997
32451089
32451217
32451417
32451583
32451692
32451784
32453824
32458787
32465747
32588886
32647967
32706721
32723706
32726876
32784827
32789088
32822289
32831453
33506328
33576381
33577667
34255234
37780484
37783007
37929873
37929975
38075153
38075204
38075213
38075230
38075263
38075283
38075286
38075293
38075316
38075323
38075330
38075355
38075386
38075410
38075415
38075416
38151753
38179203
38219614
41607716
43558646
43559554
43597374
43606358
43609207
45252410
45299081
45305565
45314471
45333314
45832728
45997451
46500335
47823656
48125627
48130846
48232862
48370242
48381596
48403839
48765620
48956223
49503268
50295160
50580519
52340997
56532383
56532757
56535084
56562387
56576474
56580238
56586631
56615998
56633512
56634676
56968567
57242229
57421103
57439823
57464038
57478256
57514764
57541587
57545754
57582574
57585494
57650037
57866908
58045727
58045771
58045823
58172707
58477325
58954440
58965055
59024703
59037576
