1754965
1755145
1755172
1755187
1759945
1759957
1763131
1766173
1766182
1766185
1766191
1766194
1766203
1766215
1766218
1766221
1766224
1766230
1766239
1766245
1766248
1766251
1766254
1766260
1766263
1766266
1766275
1766278
1766281
1766284
1766287
1766290
1766293
1766296
1766299
1766302
1766308
1766320
1766323
1766329
1766335
1766338
1766353
1766365
1766368
1766371
1766383
1766386
1766389
1766392
1766395
1766410
1766413
1766416
1766419
1766422
1766425
1882135
1883218
1885498
1890304
1893982
1898365
1908103
1930003
1935349
1940548
1945321
1961659
1964020
1966522
1966534
1966537
2004613
2008792
2032672
2033029
2035618
2038579
2039761
2050675
2058691
2063896
2066956
2081425
2081644
2088220
2121088
2122627
2189653
2212186
2234608
2245474
2246911
2268712
2269708
2273530
2283967
2291101
2291119
2291158
2291170
2291284
2291341
2291356
2291359
2291377
2291392
2291395
2298418
2298445
2320279
2322343
2351326
2373535
2373880
2385730
2405218
2423584
2445736
2466181
2483536
2497174
2507647
2517838
2519845
2519914
2535946
2540446
2548279
2554879
2563543
2564407
2576383
2583829
2622220
2625664
2636335
2642533
2643016
2646076
2648170
2662750
2689171
2691406
2698591
2710702
2730487
2736532
2742850
2754184
2781466
2782357
2795128
2801551
2889268
2891599
2892199
2901787
2906791
2908696
2921362
2923162
2931688
2947111
2955853
2959291
2995174
2996014
3018601
3019546
3053587
3053812
3115684
3116701
3158110
3262198
3275692
3331312
3368548
3432511
3434881
3439942
3445984
3455806
3477358
3481819
3489946
3490729
3528943
3532363
3532411
3537325
3539521
3539998
3568384
3576505
3578200
3579448
3580657
3588427
3636577
3638407
3638605
3644947
3652570
3654574
3661087
3671260
3671485
3677548
3691204
3694579
3696403
3700399
3705940
3883900
3885442
3886786
3887470
3907174
3924823
3997006
4019392
4042963
4043158
4043215
4044895
4045375
4045510
4048747
4054087
4057675
4061308
4063945
4069729
4069744
4074196
4075489
4080244
4092949
4096153
4102675
4103788
4107345
4108417
4109284
4116683
4118197
4125608
4130168
4130750
4132432
4135749
4135753
4169273
4185546
4206983
4209496
4209871
4222666
4278340
4280075
4280288
4281105
4287471
4292043
4502673
4508640
4511216
4512699
4524393
4533807
4534661
4544925
4547710
4565233
4617948
4622726
4648772
4648892
4649000
4649976
4658952
4662300
4669932
4675379
4688721
4712940
4715816
4717983
4740075
5111757
5128254
5132695
5140365
5167389
5205234
5216611
5238824
5245733
5269969
5280778
5305844
5349698
5352242
5371566
5376275
5417268
5475318
5479493
5496024
5496308
5498277
5502458
5506385
5530340
5532312
5544753
5585488
5586827
5593332
5605229
5605850
5610302
5647600
5703793
5878100
5989037
5999732
5999824
6018251
6020688
6042544
6044810
6057230
6060452
6117246
6137413
6138163
6141216
6218102
6256071
6298803
6311884
6415849
6427227
6444456
6499598
6558250
6564918
6597612
6663513
6847592
6852899
7938525
7955305
8015033
8017180
8021378
8065772
8070996
8075307
8249544
8371367
8718402
8863578
8904721
8914004
8930319
8941919
8948842
8987225
8992284
9023931
9383777
9412983
9632806
9807846
9974754
9978314
10325186
10344720
10657269
11195976
11196273
11196849
11198026
11198252
11198677
11198725
11198944
11199672
11228507
11228870
11228961
11228971
11229549
11230406
11230797
11230839
11231480
11233078
11233539
11233675
11233816
11234756
11234916
11235046
11235073
11235195
11235365
11235496
11235663
11235669
11235745
11235833
11235938
11236300
11236746
11236909
11237316
11237999
11238477
11238508
11238587
11238619
11239097
11239135
11239549
11239898
11239954
11240268
11241062
11241316
11241593
11242381
11242992
11243308
11243535
11243697
11244112
11245006
11245028
11245310
11245378
11245570
11246184
11246228
11246811
11247327
11247548
11247576
11247935
11247993
11248223
11248234
11248286
11248716
11249411
11249743
11249759
11249784
11249996
11250080
11250245
11250255
11250517
11250602
11251315
11251471
11251614
11252731
11253995
11257715
11258197
11261126
11261278
11262694
11262755
11263053
11263423
11263456
11263465
11263684
11263710
11264209
11264970
11265708
11266270
11267884
11268748
11269146
11270423
11271610
11271631
11272115
11272471
11272593
11275824
11278600
11279397
11280435
11280828
11281229
11281702
11281771
11281805
11282020
11282138
11284600
11284857
11285749
11287149
11287959
11288614
11288897
11289077
11289275
11289361
11289996
11290235
11290649
11290917
11293075
11293312
11295118
11295837
11297880
11297882
11299411
11299483
11299855
11300436
13734276
13747947
13752160
13783020
13783524
13817638
13885866
13896118
13916053
13923389
14707577
14750474
14897313
15078032
15078526
15078594
15080030
15080043
15080745
15080942
15100550
15114975
15125432
15128035
15187554
15187557
15187558
15863316
15873220
15879522
15879725
15916187
15926986
15949129
15954394
16002979
16006113
16009626
16110670
16116557
16173683
16186083
16316559
16320252
16327762
16331802
16459354
16483690
16486204
16532644
16572490
16577270
16587801
16605865
16621512
16641868
16723329
16738848
16812342
16812346
16823448
16824275
16824338
16824546
16824572
16825847
16826253
16826414
16826959
16826965
16827277
16827619
16827779
16828104
16828556
16828837
16830129
16831181
16832170
16832838
16833372
16833747
16834578
16962147
16967436
16981624
16984701
16984703
16990884
16997823
17005295
17006187
17010528
17011548
17013001
17031704
17034135
17045317
17060346
17062486
17062595
17069804
17077734
17077914
17094294
17095517
17096272
17100223
17114965
17127413
17127414
17138182
17144124
17187582
17189375
17198254
17251789
17283945
17349553
17481767
17531021
17542658
17554400
17569427
17591370
17644370
17701180
17710878
17752996
17779763
17813057
17817695
17858289
17873552
17891788
17894982
17940172
18018840
18106741
18230610
18285401
18318770
18323060
18349310
18350171
18382149
18382675
18390835
18399695
18482369
18482376
18530203
18540876
18545609
18583776
18589934
18601334
18669342
18708323
18974200
19090843
19186835
19281594
19282684
19282688
19282696
19282710
19282719
19282735
19282739
19289220
19299279
19350357
19495469
19609573
19615972
19621423
19709459
19825181
20245825
20644884
20714711
20874767
20897401
20912003
21005072
21005984
21007857
21010019
21051720
21054505
21057082
21095376
21096450
21097217
21097721
21097815
21101873
21102057
21102073
21135868
21194111
21226376
21234815
21252700
21255981
21262391
21290627
21316637
21330753
21354619
21363910
21410293
21573886
21583420
21589292
21606642
21638953
21643140
21659342
21677833
21680936
21714281
21719987
21720270
21722815
21750346
21754788
21755096
21841373
21849146
21853354
21856849
21857165
21858256
21858307
21858419
21859635
21859763
21859819
21860197
21860380
21862065
21862263
21862601
21862602
21862743
21866624
21866956
21868881
21883223
21891724
21922310
21924005
21930648
21933381
21939478
21944505
21951549
21973522
22005711
22011987
22012379
22012740
22017348
22039998
22049739
22050116
22057629
22066875
22076481
22080818
22081632
22132446
22162261
22190952
22200451
22218568
22228651
22229694
22234667
22237935
22242879
22242885
22245614
22250010
22250445
22264691
22265781
22266603
22267277
22267535
22269448
22270046
22270476
22271615
22297736
22301653
22302422
22307785
22339950
22345171
22348689
22363066
22364152
22395246
22396737
22409702
22416866
22422989
22423842
22424829
22427518
22438293
22446696
22454820
22454882
22457136
22462532
22465666
22465994
22481534
22482702
22511939
22516579
22544142
22574924
22636952
22641646
22644344
22649606
22657887
22660085
22676674
22680551
22680617
22690878
22706415
22718558
22807789
22816409
22817815
22821444
22831922
22873597
22884319
22891798
22900885
22907846
22913285
22919608
22947234
23019428
23020925
23073703
23102039
23102137
23122481
23123682
23126400
23130714
23138099
23189365
23195053
23211111
23212452
23212755
23226328
23226481
23231091
23292415
23296841
23301148
23308008
23313488
23337295
23346642
23366199
23367382
23381514
23404595
23406064
23419738
23480614
23480711
23485509
23485552
23495196
23495746
23498514
23503125
23512680
23529622
23530559
23537939
23553485
23559995
23571946
23586348
23586746
23594309
23596646
23597304
23598594
23617665
23618227
23624973
23634272
23644220
23647362
23659310
23675378
23680494
23713297
23717245
23718507
23719792
23734873
23882174
23895221
23925680
23945172
23958763
23968092
23984111
24006798
24016270
24033972
24047636
24047781
24057365
24058977
24059011
24064922
24068422
24068672
24070924
24072077
24085148
24087192
24111053
24266459
24272904
24275143
24292747
24302610
24330008
24339093
24435923
24440091
24465188
24494611
24494770
24500211
24507598
24507816
24530649
24593572
24595596
24607771
24621232
24633351
24633670
24660206
24673046
24674831
24725638
24727080
24741275
24760690
24768056
24779289
24781870
24826249
24826257
24829070
24838014
24842566
24843142
24844796
24846536
24873270
24874781
24879064
24898514
24902995
24913207
24917631
24924721
24939915
24953298
24977456
24987005
25036480
25041866
25178166
26211223
26217500
26217563
26223983
26440708
26913457
26915741
26951058
26965921
26966058
26966088
26974054
26999749
27015135
27022431
27023099
27031237
27034152
27034746
27124036
27124044
27124060
27124080
27124603
27138601
27149801
27230840
27241474
27241479
27241481
27241482
27249152
27254152
27254675
27274279
27288784
27298049
27298088
27318313
27329440
27386256
27477874
27490008
27498073
27503943
27512415
27526543
27530052
27531491
27537432
27614659
28594632
28598131
28607027
28637151
28637262
32300639
32308717
32319594
32327128
32345198
32345554
32372160
32372919
32385510
32391658
32395872
32400780
32404844
32407534
32407563
32422823
32425778
32445063
32450787
32450997
32451089
32451177
32451217
32451417
32451583
32451692
32451784
32453824
32458787
32464564
32465747
32472285
32473283
32487613
32511124
32511421
32517754
32530320
32559342
32576788
32585440
32588886
32600716
32645299
32647967
32648694
32677191
32682869
32685087
32686972
32687814
32694770
32706721
32713602
32715493
32717357
32717937
32718146
32718235
32718459
32718688
32718810
32720373
32720475
32720528
32721141
32722239
32723159
32723706
32723877
32725248
32725706
32726876
32728464
32729803
32730092
32730285
32730335
32730516
32731449
32732946
32735075
32735844
32782631
32782807
32784689
32784827
32785132
32785945
32786614
32786748
32786761
32787574
32788152
32788567
32789088
32791958
32795933
32799555
32799598
32804996
32810297
32811312
32814123
32814193
32818336
32821652
32822289
32824680
32827071
32827299
32830745
32831453
32834661
32835029
32835143
32851980
32872989
32874051
32882736
32883798
33506328
33576381
33577667
34255234
35810232
37778896
37780484
37783007
37784041
37800489
37929873
37929975
38072883
38075136
38075153
38075164
38075180
38075204
38075213
38075230
38075232
38075233
38075263
38075283
38075286
38075293
38075303
38075304
38075316
38075323
38075330
38075331
38075340
38075355
38075364
38075386
38075410
38075415
38075416
38090089
38106244
38120539
38120747
38121888
38142000
38147991
38151195
38151753
38163867
38179203
38219614
38316573
38331771
38338024
39429447
39605765
39608704
39614771
39645936
39738026
39789187
39862020
39931187
39949974
40046690
40066947
40069626
40102627
40119370
40128093
40275235
40349562
40409633
40601986
40637287
40793554
40901969
41042243
41079260
41094820
41114547
41138897
41156511
41164030
41181881
41345789
41400686
41406381
41522912
41607716
41936817
43558646
43558668
43559554
43560667
43596532
43597374
43606358
43609061
43609207
43611256
43626875
43632686
43668891
43954882
43958313
43981093
43988492
44212148
44241967
44249253
44254019
45245734
45252410
45252984
45253310
45299081
45304322
45305565
45314471
45316038
45333314
45403423
45433606
45525468
45565832
45580249
45832728
45887204
45997451
46135601
46500335
47335383
47351429
47437250
47478241
47481911
47483515
47509115
47528367
47823656
48011356
48125627
48130846
48143725
48176790
48177407
48197966
48232862
48249095
48261131
48275937
48306693
48309001
48309019
48321170
48365866
48370242
48381596
48386156
48403839
48412006
48412474
48439209
48486343
48511980
48599327
48651275
48671138
48686646
48694775
48696139
48709593
48720587
48720993
48724188
48730779
48761778
48765620
48791612
48799824
48814335
48828939
48869583
48907677
48927736
48956223
48961037
49009827
49010108
49042880
49058357
49098260
49138465
49184804
49196468
49208213
49251608
49280258
49283054
49288974
49300364
49329425
49377694
49382048
49405411
49424857
49429572
49448574
49468004
49485142
49503268
49528320
49551129
49577550
49640224
49673305
49743594
49777685
49810728
49833840
49836177
49864327
49873454
49924932
49932138
49955905
49972148
49993724
50009977
50040174
50051181
50058721
50062144
50073207
50082169
50103401
50111101
50175806
50177958
50240596
50285880
50295160
50308158
50311731
50340401
50430365
50433302
50467090
50513458
50515296
50539059
50580519
50594081
50608916
50613572
50615957
50634623
50655569
50659975
50666369
50681405
50685253
50704184
50708373
50772475
50774202
52340997
52343546
52346175
52348823
52353255
56532383
56532757
56535084
56539959
56562387
56576474
56580238
56583635
56586631
56615998
56631829
56632081
56632159
56632576
56632713
56633512
56634254
56634676
56634701
56683757
56790607
56803570
56828952
56838590
56838797
56838822
56838838
56839049
56839226
56839283
56839332
56839369
56839398
56839543
56839706
56839971
56839981
56840266
56840418
56840424
56840539
56840819
56841544
56841617
56841632
56841764
56841824
56841847
56841920
56842082
56842481
56842501
56842843
56843050
56843152
56843199
56843485
56843817
56844759
56845195
56845629
56845882
56846273
56846358
56846639
56846704
56846834
56847047
56847741
56847830
56848411
56848440
56848597
56848700
56848769
56848772
56848795
56848841
56849069
56849351
56849551
56849640
56852426
56853595
56855775
56857582
56857850
56857907
56858340
56859047
56859375
56861586
56862354
56863263
56863316
56863932
56863937
56864137
56864917
56866285
56867956
56891275
56895350
56921532
56950896
56959092
56968567
57021579
57094803
57116384
57117129
57119082
57120526
57142545
57182352
57182944
57183028
57185386
57185897
57186131
57186367
57186754
57188961
57189749
57190788
57190935
57206203
57208712
57211096
57240513
57242229
57278235
57280594
57328010
57379697
57396931
57421103
57439823
57441196
57447193
57463192
57464038
57478256
57489765
57490647
57491297
57514764
57524669
57534673
57541587
57545754
57545927
57560839
57568902
57579801
57582573
57582574
57585494
57595834
57616649
57623106
57623107
57648548
57650037
57663871
57677681
57689517
57781638
57800802
57808631
57837709
57866908
57876890
57880127
57896360
57905302
57944487
57972187
57980599
57990857
58000808
58011661
58020126
58020625
58042509
58045727
58045771
58045823
58059453
58172707
58249870
58350906
58406571
58462888
58477310
58477325
58539721
58600198
58600202
58678373
58697620
58702657
58702671
58702711
58702829
58707003
58707005
58707049
58707730
58711209
58720453
58728595
58730489
58826687
58875166
58875168
58909072
58943850
58954440
58965055
59016547
59024703
59037576
59043805
59089484
59094619
59099591
