1859284
1859632
1859980
1860046
1860049
1860781
1860883
1861096
1861258
1861282
1861399
1861411
1861573
1862041
1862050
1862065
1862086
1862119
1862146
1862266
1862311
1862554
1862566
1862686
1862698
1862728
1862998
1863001
1863145
1863223
1863571
1863574
1863577
1863769
1863964
1864258
1864264
1864276
1864450
1864582
1864594
1864597
1864801
1864822
1865041
1865053
1865080
1865089
1865116
1865230
1865236
1865872
1865884
1865887
1865890
1865947
1865950
1865953
1871602
1883740
1889047
1890277
1891855
1891909
1891930
1897483
1900228
1900540
1900957
1914997
1931407
1943458
1953316
1954666
1962364
1963210
1969279
2007937
2017483
2024674
2026969
2028085
2034124
2034439
2036953
2046061
2047408
2049670
2052682
2055463
2067982
2072443
2074735
2098891
2099200
2103232
2118661
2118709
2118763
2132053
2135332
2189869
2191807
2201872
2202448
2215822
2243599
2294848
2379265
2397691
2401615
2406151
2409289
2430175
2430982
2442619
2454727
2471101
2477953
2487919
2489752
2492896
2497792
2503993
2509408
2510806
2515672
2525314
2533747
2550991
2562874
2563321
2566855
2572123
2575657
2580211
2600923
2616835
2642347
2648551
2660584
2665228
2696410
2702500
2726125
2737180
2781250
2801842
2805781
2812114
2847331
2875534
2905525
2906878
2943610
2945917
2953219
2955946
2985904
3002854
3010942
3037465
3099376
3099385
3099445
3115084
3188770
3193054
3194140
3216226
3220381
3224227
3270334
3307744
3330742
3335131
3340225
3360868
3362827
3373063
3380287
3447019
3450250
3452119
3469177
3473536
3481657
3486541
3488656
3493654
3499261
3504772
3519589
3539194
3560026
3561832
3568453
3580240
3642736
3645145
3651601
3656833
3656860
3663679
3664051
3673291
3681097
3884419
3884434
3894586
3897607
3899059
3920602
3992830
4015006
4041379
4062589
4064977
4069303
4074148
4087957
4103328
4103553
4108303
4113192
4120617
4128971
4169616
4172884
4185252
4194414
4198110
4201333
4209863
4221868
4222366
4224981
4230572
4230903
4278741
4279044
4285243
4291054
4298929
4500489
4510618
4514256
4518140
4519935
4523369
4524372
4527111
4530331
4536519
4540316
4541288
4544443
4544447
4548546
4549691
4557523
4564085
4600410
4628259
4632388
4634721
4651420
4651567
4651591
4651620
4651770
4651787
4651806
4651864
4652149
4659663
4670295
4674060
4689553
4692138
4696696
4707188
4712370
4720393
4722908
4728270
4729668
4971127
5101531
5115799
5157090
5163130
5163854
5165186
5190057
5207403
5212944
5222881
5228264
5228940
5235421
5256850
5272148
5272926
5277372
5278587
5291133
5308242
5320784
5331926
5345302
5348636
5354221
5360876
5362495
5363770
5365375
5373496
5375318
5381674
5391020
5401098
5404454
5418284
5423343
5430566
5433526
5445322
5446711
5464615
5468837
5476165
5483151
5488911
5496733
5506132
5506826
5532791
5540292
5562932
5564694
5573657
5582329
5590234
5594151
5595856
5596636
5609763
5621965
5652875
5668440
5692003
5705810
5709164
5714270
5720852
5730535
5735872
5860062
5880732
5926770
5993001
5995422
6003407
6029225
6041812
6046397
6047222
6050723
6050724
6050725
6050733
6050737
6050739
6050749
6050763
6050769
6050772
6053063
6059314
6068377
6082807
6082897
6089076
6090291
6097618
6110226
6118867
6130830
6133053
6136765
6137098
6161439
6195440
6221582
6221583
6229498
6237445
6240170
6247235
6286418
6332834
6335371
6338289
6360850
6378725
6439947
6463838
6504824
6583643
6585384
6588837
6850957
6852324
7997471
8002334
8002429
8010173
8041251
8072084
8284930
8643655
8647083
8674883
8695505
8716488
8726439
8820078
8821236
8824448
8843395
8849417
8850608
8853023
8867638
8902666
8916549
8921774
8931329
8937444
8937697
8961331
8962159
8965005
8973497
8991196
8994767
9032837
9033525
9036914
9067154
9177188
9293692
9325774
9510370
9691533
10279214
10333115
11564767
11566632
11570511
13666220
13709888
13745887
13746548
13746552
13764316
13790379
13791219
13804291
13824637
13829255
13831068
13836983
13837665
13846729
13863588
13873067
13881226
13908634
13921832
13922534
13933137
13933618
13936330
13936331
13936333
14068086
14158833
14182786
14193113
14709796
14727659
14730289
14734416
14739559
14928678
14928679
14940859
14940929
14941052
14941135
14941246
14941293
14941633
14941915
14942261
14942284
14942406
14942471
14942530
14942585
14942595
14942681
14942916
14942996
14943019
14943039
14943109
14943335
14943581
14943582
14943840
14943848
14943913
14943940
14943992
14944111
14944202
14944439
14944616
14944778
14944872
14944968
14945116
14945281
14945413
14945472
14945965
14946124
14946228
14946530
14946732
14946762
14946881
14954545
14956276
14957271
14957648
14985851
14988020
15078011
15078086
15078110
15078118
15078140
15078147
15078148
15078155
15078165
15078171
15078177
15078189
15078199
15078200
15078221
15078233
15078244
15078305
15078335
15078431
15078456
15078529
15078555
15078580
15078590
15078609
15078683
15078787
15078806
15078820
15078876
15078909
15078910
15078911
15078955
15079009
15079029
15079036
15079037
15079057
15079097
15079121
15079151
15079175
15079176
15079222
15079229
15079253
15079258
15079259
15079265
15079266
15079312
15079314
15079348
15079357
15079369
15079420
15079471
15079503
15079528
15079550
15079555
15079595
15079620
15079690
15079722
15079729
15079746
15079756
15079757
15079777
15079820
15079822
15079835
15079842
15079864
15079873
15079901
15079907
15079968
15079970
15079972
15080003
15080004
15080038
15080042
15080047
15080054
15080060
15080087
15080095
15080105
15080106
15080123
15080147
15080171
15080198
15080199
15080209
15080225
15080230
15080258
15080368
15080402
15080444
15080466
15080501
15080539
15080540
15080547
15080563
15080565
15080627
15080644
15080656
15080658
15080732
15080748
15080753
15080769
15080834
15080883
15080891
15080908
15080913
15080951
15080965
15081034
15081066
15081104
15081169
15081199
15081215
15081258
15081266
15081334
15081396
15081406
15081446
15081519
15086403
15087162
15102489
15116176
15120737
15594318
15594320
15598184
15598202
15598471
15598861
15599022
15599077
15599162
15599185
15601353
15619601
15619604
15619606
15619611
15619613
15619615
15619618
15619619
15619621
15619624
15619626
15619635
15619636
15619637
15619641
15619644
15619645
15619646
15619649
15619651
15619655
15619656
15619658
15619659
15619660
15619661
15619662
15619663
15619664
15619665
15619667
15619669
15619672
15619673
15619675
15619677
15619680
15619682
15619684
15619686
15619689
15619692
15619693
15619694
15619696
15619697
15619698
15619699
15619700
15619704
15619705
15619706
15619707
15619710
15619711
15619713
15619715
15619716
15619718
15619719
15619722
15619725
15619728
15619732
15619733
15619734
15619735
15619737
15619741
15619743
15619744
15619745
15619747
15619749
15619750
15619751
15619752
15619753
15619755
15619758
15619759
15619760
15619761
15619762
15619763
15619764
15619765
15619766
15619767
15619771
15619773
15619775
15619776
15619777
15619778
15619779
15619780
15619784
15619787
15619792
15619793
15619796
15619801
15619802
15619804
15619805
15619806
15619809
15619813
15619815
15619817
15619818
15619821
15619823
15619824
15619825
15619827
15619828
15619829
15619831
15619835
15619837
15619838
15619840
15619844
15619845
15619846
15619847
15619848
15619849
15619852
15619855
15619857
15619858
15619859
15619863
15619867
15619869
15619870
15619871
15619879
15619880
15619881
15619882
15619884
15619886
15863375
15864828
15866323
15866360
15879510
15923376
15953279
16105432
16105698
16105699
16105701
16111987
16117589
16127999
16129780
16132544
16142425
16142522
16175490
16175699
16181579
16188700
16197081
16197751
16229584
16235246
16246780
16249617
16269613
16273345
16281921
16307502
16320561
16322032
16322818
16331683
16345011
16349205
16360490
16401006
16422209
16454609
16486480
16520031
16534574
16540223
16566323
16566582
16581142
16584383
16602113
16647643
16654841
16664524
16668695
16669933
16675482
16675904
16680544
16686394
16696887
16697849
16721209
16786858
16794144
16812139
16835188
16835399
16835465
16967273
16985803
17147719
17156395
17171780
17173183
17180914
17182589
17184903
17200114
17224065
17281252
17281400
17287428
17295677
17300679
17316416
17335445
17342654
17346529
17405783
17405958
17436422
17461077
17462338
17466565
17472529
17503364
17518351
17527880
17529716
17536511
17560172
17561762
17578074
17599074
17614830
17621069
17623005
17641039
17650160
17656509
17686759
17754575
17755874
17775229
17824790
17853644
17855072
17874560
17874570
17874771
17874874
17874896
17875068
17884900
17925140
17925163
17925176
17925181
17925197
17925200
17952784
17958992
17969607
17970859
18033513
18040019
18042931
18049525
18049526
18077612
18080804
18082965
18088208
18093193
18135248
18138761
18140161
18148847
18172295
18172340
18188007
18236983
18238684
18250385
18276075
18276080
18276084
18276089
18283431
18286020
18299812
18336802
18338545
18341475
18362492
18363419
18394354
18402324
18486000
18487289
18546655
18547616
18567301
18583992
18588615
18763824
18965368
18965927
18977854
18981445
19185050
19185085
19202890
19267131
19282639
19282646
19282648
19282664
19282666
19282677
19287844
19288181
19288186
19288187
19288194
19288203
19288213
19288221
19288226
19288229
19288234
19291192
19375134
19401860
19403507
19415077
19429417
19578560
19581610
19586962
19645812
19678996
19684066
19685259
19791579
19815846
19829035
20662503
20684190
20691599
20704513
20724002
20727648
20836158
20854129
20899108
20909089
20917981
20921373
20945512
20947980
21026195
21089107
21089108
21097744
21097754
21097764
21097790
21097802
21097806
21097849
21097857
21097864
21097929
21102682
21103887
21105645
21130694
21224942
21315273
21324416
21333562
21378072
21398139
21426966
21567921
21602905
21614580
21627579
21627623
21654425
21656827
21725638
21760790
21792315
21796791
21801342
21804965
21810980
21825918
21828319
21828824
21844727
21845074
21846650
21848679
21848692
21849667
21851505
21852356
21853105
21854188
21856198
21856217
21856227
21860899
21863001
21863003
21863020
21863071
21865408
21865463
21865508
21865515
21867665
21908769
21930985
21932549
21942793
21943692
21944577
21952784
21965511
21975026
21975762
21993505
22024084
22058631
22063873
22069252
22076518
22076596
22133675
22149270
22161530
22179510
22184737
22222134
22227584
22231957
22233864
22237709
22245828
22247914
22250050
22250726
22250781
22250784
22251069
22251082
22251091
22297996
22298247
22302036
22307160
22309131
22348620
22356866
22363283
22376467
22379847
22397219
22409833
22416286
22418250
22423447
22446940
22463476
22464609
22465027
22474523
22511504
22522083
22567766
22567959
22583731
22586548
22591517
22591927
22592106
22593806
22636844
22637539
22644460
22645185
22669190
22669368
22669407
22669425
22669436
22669442
22669451
22669462
22669476
22669480
22669501
22675769
22676730
22686564
22690388
22690914
22701358
22704143
22724153
22733805
22789822
22800653
22805609
22818225
22823021
22829730
22831733
22834561
22877362
22892398
22892465
22906539
22914911
22917039
22919609
22920554
22924268
22924696
22925284
22936396
22964423
22965499
22987343
22988916
22991110
22992908
22993171
23020362
23039021
23042705
23049868
23061564
23073231
23073350
23073376
23073407
23074634
23078717
23079572
23083799
23090892
23098499
23098506
23106075
23111904
23112813
23123912
23138110
23200676
23211294
23213634
23218486
23224265
23225442
23250546
23250625
23294340
23308231
23309136
23313017
23404319
23429877
23450614
23471851
23475943
23479858
23481349
23490734
23496406
23499630
23502487
23503159
23509190
23527150
23530285
23544741
23563073
23564045
23564923
23568400
23573108
23573203
23583178
23587396
23595040
23597616
23606195
23617289
23625320
23633286
23634436
23658551
23660366
23667133
23670919
23673587
23701306
23715993
23743318
23747466
23747742
23752100
23876626
23893849
23920123
23923704
23924813
23946587
23965162
23973608
23973947
23980059
23983030
23990154
23990306
23991753
24000705
24002305
24033015
24033374
24036018
24063483
24067682
24072443
24076143
24096480
24272361
24275769
24285574
24298360
24302376
24303124
24304477
24304511
24310017
24354287
24358936
24397808
24420029
24421352
24426034
24426048
24441732
24571768
24596110
24596243
24605855
24617843
24626971
24631388
24631406
24643931
24644164
24678522
24680838
24712558
24727507
24740018
24748815
24755045
24759822
24778694
24804652
24819779
24831362
24839848
24875173
24878127
24891954
24899700
24903205
24911464
24917479
24920044
24923065
24934744
24943303
24949608
24951640
24956165
24976717
24982361
24988451
24992399
24993352
24996860
24997910
25009212
25041916
26230949
26233861
26945570
26945792
26962060
26977084
26986339
26987470
26989075
27035029
27108901
27110712
27129812
27132794
27137260
27141305
27174227
27211050
27218195
27220861
27231942
27238493
27241459
27241460
27241461
27241462
27241463
27241464
27241465
27241466
27241468
27241469
27241470
27241471
27241472
27241473
27241475
27241477
27241478
27241480
27247394
27249404
27252422
27264829
27266975
27272331
27284199
27286413
27302317
27308463
27315966
27319376
27330149
27336450
27418220
27421287
27429036
27454729
27469170
27480961
27511743
27515701
27524940
27525876
27526814
27544729
27546279
28374216
28425893
28597279
28611945
28635958
28637108
28638479
32305986
32306650
32307267
32314424
32329992
32334856
32337122
32344160
32344247
32372192
32386943
32387025
32391404
32391768
32400383
32420231
32423651
32426288
32450485
32455082
32463580
32476057
32476913
32478831
32491963
32498936
32499039
32503408
32509595
32525505
32526985
32530625
32571316
32577329
32579455
32586224
32587447
32594531
32594587
32630768
32634374
32634396
32634676
32634677
32634841
32635260
32641089
32643263
32643546
32644600
32647361
32649439
32659516
32668728
32684058
32684214
32684871
32686176
32690122
32691567
32693817
32694210
32695193
32695676
32707704
32713424
32713480
32713512
32713576
32713841
32714219
32715181
32715971
32716293
32716773
32716889
32717540
32717988
32718040
32718284
32719347
32719524
32720678
32720714
32721473
32722051
32722162
32723541
32723556
32723784
32724059
32724548
32725044
32725352
32725910
32726113
32726176
32726210
32726571
32726896
32726900
32726910
32726919
32727383
32728344
32728352
32728353
32728645
32728991
32729147
32729250
32729818
32731176
32732275
32732756
32733297
32733458
32733764
32734452
32734632
32750477
32758878
32759871
32786095
32793939
32798182
32799421
32800715
32801114
32801713
32804624
32807808
32817279
32818790
32821083
32827219
32828812
32831134
32835932
32836055
32846275
32856677
32856985
32871903
32872193
33502056
33508419
33510178
33577140
33597624
33597857
33598706
33599067
34137737
34410304
34859645
37218140
37414943
37767511
37771271
37771515
37778517
37783581
37924822
37936104
37942160
37947631
38016014
38062873
38075077
38075126
38075199
38075222
38075244
38075273
38075300
38075366
38075380
38092031
38106200
38119570
38208467
38231773
38232352
38233321
38307130
38309574
38320742
38327815
38328656
38331234
38336225
38611529
39604311
39623012
39627646
39651922
39662043
39671419
39685920
39697684
39800957
39884032
39893436
39905863
39938919
39939957
40026318
40038838
40050764
40065605
40084512
40095237
40152904
40233356
40248787
40353505
40354254
40419214
40427136
40433885
40491713
40528255
40548620
40550025
40560519
40591593
40626507
40629540
40631940
40636920
40640322
40658494
40658723
40710457
40720643
40773355
40776612
40790784
40846112
40872398
40907268
40930551
40984247
41027781
41028793
41030920
41032950
41062417
41176680
41201435
41229705
41231450
41247896
41270093
41381162
41391115
41425056
41454336
41493906
41515491
41578479
41785330
41869591
41874125
42203686
42205478
42208670
42210148
42211978
42213557
42215198
42217145
42242657
42243951
42245301
42336834
42337722
42580589
43548704
43556171
43558579
43559041
43596053
43600961
43614731
43617362
43617833
43623158
43628274
43725188
43748187
43813222
43813477
43919839
43987308
44277133
44344035
44371503
44371953
44389490
44772806
45315528
45318595
45320513
45323737
45330274
45335328
45344580
45346392
45381540
45457228
45567383
45658998
45831367
46418336
47314330
47331533
47339896
47350448
47370523
47377998
47434591
47437801
47453266
47453836
47485803
47488011
47501305
47506091
48006602
48033263
48033463
48107327
48110077
48144974
48149595
48151930
48158624
48197130
48217178
48218053
48236730
48241716
48259108
48262877
48264847
48276156
48287699
48296052
48345583
48350214
48368247
48387053
48396749
48399317
48430373
48455560
48486943
48507206
48531173
48532105
48549380
48557055
48558143
48574310
48579845
48599889
48600863
48606455
48636446
48650633
48663842
48668368
48712310
48721196
48729974
48739827
48758918
48774313
48787664
48813719
48822224
48858000
48859034
48865431
48882310
48948943
48981002
49001766
49008803
49017712
49022476
49022691
49027863
49031381
49051549
49100856
49108946
49117207
49134316
49137053
49137140
49139080
49144410
49161190
49178104
49190087
49208532
49214017
49250752
49283521
49305447
49315763
49326704
49329299
49332146
49372492
49412990
49418352
49424534
49436387
49457849
49471610
49497013
49503090
49572620
49603917
49637129
49678292
49686595
49701544
49711642
49773568
49812409
49821542
49831975
49847431
49867172
49889405
49935707
49937704
49970232
49976400
50036665
50036722
50141579
50145669
50159615
50165081
50180735
50239064
50258909
50297943
50301488
50315559
50319261
50335818
50364974
50380850
50399049
50414614
50418463
50422634
50431980
50434263
50438568
50459786
50470299
50497099
50515977
50524876
50530711
50532209
50550722
50592658
50602830
50603337
50609509
50610192
50619788
50623971
50625696
50679226
50691085
50710995
50726947
50766061
50769024
50772076
50861046
51453241
51813790
52343076
52351353
52352615
53067089
53460157
54031947
55022713
55758717
56170094
56415463
56534348
56535814
56535908
56574878
56580991
56586473
56586976
56624858
56632360
56787374
56789638
56794637
56871486
56888062
56908599
56930559
56945548
57012024
57043551
57066088
57070212
57087743
57094966
57095182
57112064
57113825
57119012
57119671
57134398
57147076
57153919
57168956
57169334
57170501
57172068
57201963
57208176
57248151
57295955
57306398
57308874
57310449
57355302
57377620
57386145
57402208
57408208
57412646
57421685
57421693
57422088
57438911
57477435
57479803
57500676
57531612
57559252
57565304
57575242
57585154
57624547
57628150
57674216
57716960
57723658
57760148
57771655
57772244
57776018
57776050
57841441
57851140
57862904
57887324
57900587
57917642
57947278
57966930
57970839
57983384
57983410
57990646
57993828
58013128
58039094
58039096
58142712
58164261
58175460
58192365
58204181
58208467
58221718
58225099
58232714
58266060
58292657
58293679
58301827
58308500
58353607
58357460
58366210
58407061
58407188
58407331
58407687
58422291
58440503
58441197
58458898
58470213
58477391
58482675
58496720
58503647
58503658
58503685
58520226
58536693
58538839
58558749
58570990
58572185
58626064
58697853
58702554
58720082
58732102
58734514
58734515
58737593
58779177
58791945
58810619
58881536
58886312
58892125
58892222
58902264
58929942
58935342
58981461
58983933
59016445
59026189
59027498
59034536
59039024
59042780
59057545
59061177
59063139
59065706
59074225
59086492
59088520
59090120
59090532
59093768
59093777
59099782
